0.10494345899903312,0.11375400593901883,0.11033748539777745,0.11028648358802913,0.11954560511657761,0.11595513801940245,0.10371325445605616,0.1124205193527867,0.10904404913131846
0.10068467372585331,0.10715503000848821,0.10204854454468754,0.11224603725275298,0.11945936799578873,0.11376651786885592,0.11197568442363239,0.1191716413295021,0.11349250285043895
0.10640185260690598,0.10812585814083875,0.098322973116152068,0.11753086948526814,0.11943519600248688,0.10860698604009042,0.11617154519846494,0.11805384688683492,0.10735087252295782
0.11081206467950279,0.11375914303011055,0.10450345146989745,0.11643977248100576,0.1195365213198706,0.10981076968314536,0.10948653386992267,0.11239835935196166,0.10325338411458326
0.11104606301965546,0.11415415132420352,0.10500870701518615,0.11628280339518431,0.11953746377147036,0.10996073611784032,0.10896145112904049,0.11201119285505569,0.10303743137236382
0.10294156145541937,0.1075660331962258,0.10057837443824452,0.11433453768875539,0.11947081919706333,0.11170980680979191,0.1136342333166054,0.11873905486128755,0.1110255790366068
0.11535169362406744,0.11573439135860912,0.10390727281724269,0.119047342554002,0.11944230119628339,0.10723626426535211,0.1099412050184838,0.11030595258977197,0.099033576576187526
0.097962663299395999,0.10760472688047361,0.10576626617024823,0.10872073037597828,0.11942166642201618,0.1173813095712396,0.10797151529864844,0.11859870917426943,0.1165724128077303
0.24604341207869751,0.24543813045082505,0.25457236041273451,0.25394609705774307
0.10949517377694275,0.11523341332981965,0.10851928733565087,0.11360349239991605,0.11955703382962446,0.11259099016723934,0.10547109277553922,0.1109984450356732,0.10453107134959433
0.10008706659500553,0.10895444842020785,0.10613461027576275,0.1097607689847972,0.11948520872639107,0.11639282512802505,0.10771132757890224,0.11725419361579369,0.11421955067511461
0.10785812478272605,0.11599326014530784,0.11162403110362978,0.11115111245394814,0.11953461946684991,0.1150319946573892,0.1024990451244569,0.11022997506879409,0.10607783719689808
0.10594096084168589,0.10809761484562237,0.098699141001259941,0.11706285660735827,0.11944592049887587,0.10906077591240455,0.11574956977730196,0.11810589891695536,0.10783726159853567
0.1027707214050646,0.1074723732760519,0.10057020402954688,0.1142417651846883,0.11946820518318199,0.11179563085905794,0.11363849208903921,0.11883733298109385,0.11120527499227528
0.10725871670571611,0.11347684068685863,0.1074303357878213,0.11301902201116999,0.11957108894500346,0.11319985785755812,0.10656523593299598,0.11274315666021424,0.10673574541266205
0.11004363336718363,0.11380416995854126,0.10531651690678104,0.11560069119398435,0.1195511299056059,0.11063486160933558,0.10866783080686848,0.11238135190344244,0.10399981434825725
0.10306330957217055,0.11349690680318532,0.11184305577743552,0.10851961808754078,0.11950558381568463,0.11776417571969892,0.1022486273566461,0.11259975036726819,0.11095897250036996
0.10865167421737246,0.11552247681301227,0.10991111613003275,0.1124420482391256,0.11955254260072021,0.11374542648265273,0.10412766530736657,0.11071238329008659,0.10533466691963066
0.10217084803720505,0.11331645078407025,0.11246152964086667,0.10772930379773869,0.11948126678319537,0.11857983490386174,0.10164494047813802,0.11273317307639882,0.1118826524985253
0.1117406704003522,0.1143711287891033,0.10475303142180659,0.11677660644677382,0.11952561451104649,0.1094740480849333,0.10920574494976577,0.11177652931031874,0.10237662608589967
0.10588712291038756,0.11322498564086972,0.10833940796493181,0.11181752284386773,0.11956635585527409,0.11440715256058259,0.1056626851927447,0.11298499463290845,0.10810977239843328
0.10144355320666913,0.11264857449242163,0.11193657274811991,0.10759224420856828,0.11947642362096321,0.11872126606655689,0.10211335315807075,0.1133923576835207,0.11267565481510951
0.11041616021777208,0.1134833182309095,0.10437018885796973,0.11630917345155846,0.11954002854242332,0.10994052297337217,0.10963276217212116,0.11267815882724309,0.10362968672663052
0.11104783755596753,0.11462527937197271,0.10587557110798307,0.11581120337268309,0.11954209855106517,0.11041707400745938,0.10807770158663119,0.11155945951675639,0.10304377492948154
0.10339391579464477,0.10870355548943705,0.10226748426520255,0.11367271485748838,0.11951020688381694,0.11243430030409161,0.11183108510624837,0.11757400299487122,0.11061273430419916
0.11155227199542765,0.11355411826652227,0.10343616644534268,0.1174080649831671,0.11951499559855268,0.10886591491495799,0.110576413186811,0.11256074731510295,0.10253130729411566
0.098622068216108846,0.10744123059191196,0.10474007957209175,0.10963343619881265,0.11943727719650783,0.11643453680227984,0.10905786820709056,0.11881023971454764,0.11582326350064906
0.097814051081226955,0.10764907930098971,0.10601430021615406,0.10850722732327876,0.11941743532485161,0.11760393978079833,0.10771126929347381,0.11854144513608438,0.1167412525431424
0.10978771509829449,0.11378948141180538,0.10553476495895468,0.11535027251537223,0.11955479425437589,0.11088184034946083,0.10844975136803391,0.11240274885363304,0.10424863119006954
0.10535119042881473,0.1149001514603394,0.11213645243416837,0.1095901210024284,0.11952329584964907,0.1166483961028159,0.10201133312446165,0.11125757173661631,0.10858148786070622
0.105139255197312,0.1080961087040701,0.099448968286848224,0.11619626192934848,0.11946407397455654,0.10990755399566038,0.11491175967651512,0.1181434473932447,0.10869257084244441
0.10780793383852064,0.11278967749705419,0.10559249324110385,0.11428591626973883,0.11956700383319453,0.11193735388103561,0.10841260096397975,0.11342228594844847,0.10618473452692419
0.11210240307431422,0.11943935140724751,0.11387411319624002,0.11211131027123292,0.11944884156797242,0.11388316116597451,0.10032957943358337,0.10689601262664478,0.10191522725679017
0.10497799033313469,0.11109813636977529,0.10521080676067758,0.1129727916147784,0.11955902917424499,0.11322333862629798,0.10879138961018477,0.1151338542528256,0.10903266325808081
0.10600375832306397,0.11423140028409499,0.11015261086618097,0.11094223791466237,0.11955318743529611,0.11528437628025268,0.10390050026558247,0.11196489467273082,0.10796703395813552
0.10958268421324466,0.11398032207827401,0.10608717458869307,0.11494601482342677,0.11955888729366174,0.1112794236643961,0.10789242665676417,0.11222223317886379,0.10445083350267567
0.11112395087938227,0.11466080817873334,0.10586865138577818,0.11585365687576819,0.11954105143594128,0.11037467903621796,0.10808287219182494,0.11152293792402174,0.10297139209233218
0.10049770837480421,0.11082537616999129,0.10936222235621289,0.10835174108544336,0.11948653017722262,0.11790902890119907,0.10453475060173595,0.11527728587668087,0.11375535645670964
0.10720228560467505,0.10998869122057549,0.1009803987660642,0.11647959260780358,0.11950713431691451,0.10971926245135732,0.11325064881149358,0.1161942636987395,0.1066777225223768
0.099415010946334842,0.10901454182343999,0.10696999132078504,0.108948321759321,0.11946839079901513,0.11722778001100573,0.10684007455668963,0.11715657087707726,0.11495931790633133
0.10650385161411777,0.11859217562589768,0.1181658046289449,0.10720441554292921,0.1193722544608284,0.11894307886914755,0.096561741699560832,0.10752162346078874,0.10713505409778476
0.10180877550745525,0.11134027536233386,0.10895933038953472,0.10928580499910481,0.11951731627401435,0.11696151018839974,0.10497535567274961,0.11480331581050195,0.11234831579590561
0.10032567880485772,0.1120848823887569,0.11205391418725735,0.10691768782769562,0.11944954281101594,0.11941653980979076,0.10196052598801975,0.11391135051168606,0.11387987767091977
0.10015027097326304,0.11115365540472773,0.11039271839597642,0.10764167045526246,0.1194681255347549,0.11865026922805468,0.10352703749222555,0.11490142301816922,0.11411482949756604
0.10388673925771542,0.11130080400597735,0.10670420774809797,0.11159066715747751,0.11955453663224148,0.11461707063094689,0.10726071573665463,0.11491557040914273,0.110169688421746
0.099251984054915809,0.11059675072115639,0.1102784354575589,0.10719275251294583,0.11944517020666764,0.11910138776647966,0.10359450184630047,0.11543562988562958,0.11510338754834584
0.11052725994208207,0.11541791789003074,0.10785049056873354,0.11448367394647807,0.11954939701054484,0.11171108741597932,0.10611157729200078,0.11080684820638367,0.10354174772776684
0.11117571171368866,0.11422963282134516,0.10502500256637799,0.11634004860189116,0.11953583052776799,0.10990362656236295,0.10894156779892265,0.11193411849434004,0.10291446091330335
0.10157995016391272,0.11183493057493514,0.11017726999844048,0.10854440980915959,0.1195024856353709,0.11773117359348484,0.10378915718878695,0.11426716758483518,0.11257345545107413
0.10559179110777918,0.10818563831940539,0.099186856060307901,0.11659492037699107,0.11945905788178009,0.10952256291392405,0.11520575150282879,0.11803576427336603,0.10821765756361748
0.10723814050187769,0.11385781657750106,0.10817365031710892,0.1126173499442564,0.11956907788020517,0.11359978619077393,0.10582941363536416,0.11236213076623427,0.10675263418667832
0.11411366882134256,0.11920949684982526,0.11143691971848677,0.11434784182472189,0.11945412701724514,0.11166559975697256,0.10253292188045339,0.10711160331763211,0.10012782081332028
0.11093929962184003,0.11463705942528772,0.10600093902136638,0.11568793716757117,0.11954397560715235,0.11053819534654084,0.1079532675698566,0.11155149880830283,0.10314782743208223
0.10519210719274875,0.11544121624320798,0.1133662262374168,0.10889012226072628,0.11949953742837828,0.11735160141444924,0.10086462390491641,0.11069209630111827,0.10870246901703799
0.105088735615933,0.11033222375285115,0.10365580619176028,0.11386455759824161,0.11954592252743669,0.11231196612403044,0.11039922304101642,0.11590768227737233,0.10889388287135797
0.10628049856143991,0.11326385875185438,0.10801254058508565,0.11219679382539569,0.11956889533129395,0.11402525308607143,0.10598694342483703,0.11295101502249559,0.10771420141152642
0.10693966560190954,0.10750740568830983,0.096712586761237299,0.11874787886593609,0.11937830846965454,0.10739153215876217,0.11799346569776156,0.11861989014029996,0.10670926661612899
0.11283985774915398,0.11806847524179791,0.11054788472647645,0.11420151581110419,0.11949322793452603,0.1118818851539139,0.10342517498721755,0.10821754791204057,0.10132443048376942
0.10087152862728353,0.10737061352530425,0.10226978071225221,0.11223592391673849,0.11946720917700156,0.11379170597695522,0.1117481204614339,0.1189479768724199,0.1132971407306109
0.10453097833252489,0.11519421478859253,0.11359556605788815,0.1084290272600871,0.11948990485656089,0.11783164115745501,0.10064475934909958,0.11091156144091111,0.10937234675688069
0.11230629602274431,0.11392564086190586,0.10341508997207394,0.11780406187565755,0.11950267901811927,0.10847760178538558,0.11057615486531394,0.11217055279362965,0.10182192280516986
0.10103600576383709,0.10962077503644047,0.10642768734573242,0.1101489401833433,0.1195080120305228,0.11602692405218296,0.10745571896647396,0.11658595474108598,0.11318998188038092
0.11086505519723283,0.11215415777949823,0.10152690258115947,0.118119998678908,0.11949345936986489,0.10817076289210656,0.11261526078686859,0.11392471418699161,0.10312968852736976
0.1073586190372887,0.11420176630908112,0.10870606697188742,0.112401759327869,0.11956636147706411,0.11381250324214191,0.1053063012315755,0.11201863168475608,0.10662799071833605
0.11063351050318151,0.11662852481156277,0.11001905980843181,0.11338941241760343,0.11953376367944765,0.11275965563848313,0.10399282448651585,0.10962799296241553,0.10341525569235843
0.10422225060190157,0.11333272564381543,0.11027962424209684,0.10993066026076836,0.11954012974413575,0.11631980537965808,0.10375816517024469,0.11282807268729692,0.10978856627008238
0.10076997467567907,0.11223541926436165,0.11185973203877547,0.10725937647219848,0.11946317469202122,0.11906329389722461,0.10216083738670247,0.11378453208306868,0.11340365948996843
0.1087640531469781,0.11368605973179685,0.10633447789976277,0.11438894948175689,0.11956550502827433,0.11183372510224357,0.1076534165207538,0.11252516237484904,0.10524865071358462
0.10975871271775861,0.11001648503060205,0.098678282828060168,0.11915344146021266,0.1194332776338332,0.10712458906640576,0.11574952927761054,0.116021371240163,0.1040643107453541
0.10102019160943662,0.11110485334082527,0.10934600751139496,0.10865202142694745,0.11949855482849368,0.11760683247377082,0.10457129609414867,0.11501045811830643,0.11318978459667621
0.099069681638765672,0.10888079643311575,0.10707963153250212,0.10869421953114619,0.11945847603891194,0.11748232945318911,0.10671296506734365,0.11728101306146883,0.11534088724355668
0.10591606358146227,0.10820309666704751,0.098915102641711661,0.116927561660185,0.1194523647267942,0.10919875014394481,0.11550931607393697,0.11800349513065045,0.10787424937426711
0.11406588335578811,0.11779286464714124,0.1088497051070242,0.11570294165089595,0.11948341207904634,0.11041190150986696,0.10502146949468755,0.10845293419282377,0.10021888796272579
0.10919374616203166,0.11114893373976538,0.10124134203406883,0.11740226783939499,0.11950443452700671,0.10885205033872609,0.11295364864881659,0.11497615981323946,0.10472741689695049
0.1128628830406857,0.11630391060739935,0.10724635804954745,0.11597866556673574,0.11951468887762291,0.11020708631902489,0.10664736575620798,0.10989889110801219,0.10134015067476373
0.10950385766747257,0.11147696433244492,0.10155139791318137,0.11739302839329034,0.119508286902698,0.10886763619599503,0.1126160398012692,0.11464522364417486,0.10443756514947367
0.11232110734022813,0.11611888044969516,0.10742104208221513,0.11561515214665873,0.11952430267292195,0.11057138251378203,0.1064910701231859,0.11009171947653643,0.10184534319477662
0.10782018777790463,0.11729678089439402,0.11418713083198895,0.10983220484797721,0.11948563931031722,0.11631796051380902,0.10011620473390974,0.10891567500180367,0.10602821608789552
0.10965210796288032,0.11540761972098482,0.10869186486591924,0.11359239646226678,0.11955472938605483,0.11259764755504938,0.10529956970245112,0.11082662178384808,0.1043774425605454
0.10254944864574228,0.10722444167465231,0.10032272378851564,0.11425068405915072,0.11945910944396049,0.11176988244091383,0.1139014744069005,0.11909398012845071,0.11142825541171346
0.099507237757329406,0.10752931916461325,0.10397865104797102,0.11054447921628761,0.11945636172237735,0.11551185711476973,0.10989160157611554,0.11875085034724794,0.11482964205328818
0.11525002749532745,0.11627599788554763,0.10497458600561474,0.11840034617235859,0.11945436109977006,0.10784402912935286,0.10884537105164922,0.10981432637633273,0.09914095478404672
0.11390502991666686,0.11889704338919663,0.11105657238910187,0.11444857296405064,0.11946440780967887,0.11158652289113437,0.10290178750347906,0.10741157175041333,0.10032849138627842
0.10519126598872602,0.11028747296738335,0.10347078577603654,0.11402039196806754,0.11954434409275425,0.11215550493224473,0.11059371195891879,0.1159516515310223,0.10878487078484646
0.11651240385951228,0.11718773732897619,0.10547201250334667,0.11873393808347991,0.11942214809110892,0.1074830403225774,0.10827361566936849,0.10890119517248788,0.098013908969142333
0.10133376747035389,0.10773754477465743,0.10250027167271439,0.11237878945899771,0.11948055582363201,0.11367243849063426,0.11152174780465235,0.11856935350762426,0.11280553099673366
0.11057340924826416,0.11443202312812381,0.10597160446967517,0.1155172629376373,0.11954839951165554,0.11070970661636663,0.10799114298151044,0.11175964506572113,0.10349680604104568
0.10744880462207075,0.11189998146535587,0.10428059451555322,0.11480252450145778,0.119558336726721,0.1114174843452778,0.10976056800977335,0.11430751202045217,0.106524193793338
0.10326785559890925,0.11235188716343307,0.10938068579760594,0.10987255385935406,0.11953757248053824,0.11637634210347135,0.10460641954279716,0.11380819885222082,0.11079848460167013
0.11032563142639835,0.11436048919564494,0.10607685734536708,0.11533356322000315,0.11955157237704638,0.11089192760236299,0.10788971733995924,0.11183548822386638,0.10373475326935137
0.11484529453946819,0.11578455459387282,0.10445593246132791,0.11849150287279298,0.11946058337261735,0.10777229028802852,0.10939721533194098,0.11029191837429402,0.099500708165657231
0.10432262612199882,0.11479502093402941,0.11303492478928516,0.10859782293073922,0.1194993820625781,0.11766715623992209,0.10115999157857179,0.11131490629240966,0.10960816905046576
0.099300800887139953,0.10977421506158171,0.10859078861578683,0.10806291249058218,0.11946048057965182,0.11817263086133667,0.10523147143693708,0.11633040291280308,0.11507629715418066
0.10161302944179973,0.10895354718503097,0.10453901562457886,0.11145857730273952,0.11951033669639764,0.11466806981498501,0.1094013418178174,0.11730448667196193,0.11255159544468891
0.11219631714270011,0.11467264070671178,0.10487840730366887,0.11693823138477874,0.11951921537147832,0.10931103420217264,0.10906351701232878,0.11147069546550485,0.10194994141065586
0.1098493498812345,0.11647795408608143,0.11051851327653263,0.11273414627102625,0.11953682682225282,0.11342088282582898,0.10352816757581407,0.10977533469746831,0.10415882456376099
0.099852358234511288,0.11059700322376713,0.10961587377330008,0.10786173883920101,0.11946823579372649,0.11840840775936816,0.10426092315072596,0.11547995317979795,0.11445550604560194
0.097133416515521542,0.1073168934605576,0.10609931449672085,0.1080639721127362,0.11939340958210821,0.1180388147998678,0.10758166135584268,0.11886053331800447,0.11751198435864042
0.10251105413314318,0.11251097118464327,0.11050046487754334,0.10889307374505611,0.11951555455106881,0.11737988037021821,0.10350822755270016,0.11360541851837325,0.11157535506725363
0.10321453153418891,0.10934573768303732,0.10365921829769975,0.11282540804063748,0.11952752474109406,0.11331150205082793,0.11036161254114507,0.11691737351153675,0.1108370915998327
0.10557340409050109,0.11533042539989773,0.11274007524719652,0.10940289635536724,0.11951383670293789,0.11682952608776492,0.10144909378854029,0.11082494917978296,0.10833579314801123
0.1019530187722391,0.11169046904268345,0.10949069123419117,0.10909630953395867,0.11951600972105295,0.11716210550525592,0.10446362384345113,0.11444085997138212,0.11218691237578546
0.10433873348039678,0.11237955095849933,0.10831137812121179,0.11100197873357753,0.11955629620449651,0.11522832307595597,0.10567224598365285,0.11381583000190576,0.10969566344030346
0.11131185370649302,0.11619451994746943,0.10853628049650646,0.11451326397314161,0.11953635926378327,0.1116578632490637,0.10541811091554014,0.1100422496232831,0.10278949882471933
0.10959101164778819,0.11768636871840502,0.1130895424310442,0.11127844994309416,0.11949845606411887,0.1148308496954582,0.10110956841337421,0.10857841140747702,0.10433734167924001
0.11026350448681217,0.11435959663749165,0.1061349686188173,0.11527033928013651,0.11955242639616863,0.11095433524553865,0.10783218588864475,0.11183795889817139,0.10379468454821889
0.1099527697425863,0.11271544204066535,0.10339647210495091,0.11660437858645083,0.11953417914818003,0.1096514567668908,0.11065437802039634,0.11343467892171792,0.10405624466816166
0.11389084859261114,0.11529770955734821,0.10444738916464948,0.11802489379204888,0.1194828214306181,0.10823865275698992,0.10944690006829916,0.11079886621237757,0.10037191842505754
0.11431187410068179,0.11545552239426829,0.10434776079485902,0.11828897457148535,0.11947241229379604,0.1079781931698808,0.1095323099307767,0.11062814044121508,0.099984812303036866
0.1165077238262507,0.11914985321185133,0.1090378710061506,0.11676949437849543,0.11941756012303996,0.10928285822907012,0.10472470345478578,0.10709962081913872,0.09801031495121755
0.11869671993665055,0.11876550200589926,0.10633762524212795,0.11928422506302658,0.11935334757823121,0.10686395739342702,0.10726853928206159,0.10733069897864835,0.096099384519927653
0.10691590975802621,0.10695782115775507,0.095747582282742119,0.11929207165439343,0.11933883455161709,0.1068309428620875,0.11910387277984566,0.11915056190247134,0.10666240305106157
0.1015288295307555,0.10892467269206976,0.10457026420205803,0.11139446132399894,0.11950896405981368,0.11473143446185285,0.10936613728261378,0.11733288724160898,0.11264234920522846
0.098103616539610722,0.10805145607371981,0.10649305531617746,0.10843291779985767,0.11942816246601834,0.11770567814584448,0.10724630258105176,0.11812122285753361,0.11641758822018621
0.10341803085207116,0.11104598406950321,0.10669756480727627,0.11133696340165582,0.11954900477588749,0.11486761805575038,0.10725746732210853,0.11516861140609887,0.11065875530964821
0.10752453605396231,0.11830898580313562,0.11648578830003463,0.10853939690257633,0.11942563472939165,0.11758522913748515,0.098042028534812892,0.10787540581634864,0.10621299472225269
0.11398319999910177,0.11680077659870892,0.10710152950565287,0.11660912643930409,0.11949161391077885,0.10956891713924463,0.10675034716002632,0.10938913322815216,0.1003053560190304
0.10589133069518193,0.11673673846502897,0.11515949777424683,0.10836293286978985,0.11946148254702894,0.11784742759113535,0.09923072244615766,0.10939394960705744,0.10791591800437299
0.11336063104326938,0.11866510121452482,0.11115495590681219,0.11413416862227174,0.11947483484304104,0.11191344264682908,0.10282865661500583,0.1076403053924052,0.10082790371584069
0.10492226595922839,0.11110444016035939,0.10527863053730037,0.11290643069963965,0.11955904362818941,0.11328991319661058,0.10872132909209406,0.11512734967963076,0.10909059704694728
0.10671152031322806,0.11022676766602403,0.10188444747588517,0.11571349905498034,0.11952528591774661,0.1104792236312709,0.11227984463997286,0.11597852146028689,0.10720088984060515
0.11057872772081524,0.11604186642205339,0.10896897845584153,0.11391535220774736,0.11954333674092596,0.112257030048818,0.10501177111598876,0.11019987449440491,0.10348306279340484
0.10714946087449047,0.11672126407387087,0.11377714500092838,0.10969677376353036,0.11949613179577821,0.11648202084046724,0.10049461187933738,0.10947192860735966,0.10671066316423741
0.11630623457924678,0.11906390344617376,0.1090692420294247,0.11665732069578728,0.11942331395956791,0.10939848230408972,0.10470467116506491,0.10718726217094075,0.098189569649704198
0.10476042543122317,0.116005964505018,0.11494985894524055,0.1078800601695887,0.11946047736364553,0.11837292229821648,0.099410020683162709,0.11008121896550634,0.10907905163839858
0.11396396428871237,0.11609731815238716,0.1058331895567481,0.11729430244135385,0.11948999872887833,0.10892592427509873,0.10802675814954137,0.11004897019978865,0.1003195742074915
0.10078997565290963,0.10815997781854185,0.10386300804702504,0.11134507295197611,0.11948688887635422,0.11473992461147928,0.11007019239167824,0.11811878602455908,0.11342617362547643
0.10500626891303699,0.11710012411957363,0.11685425770496766,0.10707681362150458,0.11940913904664888,0.11915842456526533,0.097705881714091364,0.10895893163681376,0.10873015867809779
0.10704700617070163,0.11557848160666312,0.11166691065992747,0.11071177655514369,0.11953532833804613,0.11548984417061395,0.10246090121286057,0.11062687140776777,0.10688287987827583
0.10404818959264063,0.10926951756251449,0.10268537200392273,0.11381289702402896,0.11952423582665976,0.11232218182278864,0.11140212774670102,0.1169924897490059,0.10994298867173784
0.10563250127486966,0.10748322450966859,0.097865330630322045,0.11736163229405372,0.11941785454704515,0.10873201722152465,0.11668090160091016,0.11872519718270441,0.10810134073890165
0.10578058298142679,0.11434294318950894,0.11060068962484726,0.11059526018295923,0.11954734220314747,0.11563475735071731,0.10346944765261488,0.11184473408385477,0.10818424273092321
0.10349300632762896,0.110784249845607,0.10611825439479319,0.11168073741866863,0.11954881934692053,0.1145136789907753,0.10784266227058516,0.11544034582567173,0.11057824557934946
0.10506580128624277,0.1095465471678444,0.10220710036396495,0.11463609957690742,0.11952499039365085,0.1115170035478007,0.11192484010306354,0.11669810371692406,0.10887951384360142
0.10613125517483452,0.11541623895153387,0.11231443918828163,0.10990819526826354,0.1195236078845661,0.11631142299613735,0.10185020568253915,0.11076065817702829,0.10778397667681551
0.11453601614736643,0.1177505848674834,0.10832510789689843,0.11621373339101466,0.11947538893634208,0.10991184809925407,0.10551589591845924,0.10847730587406813,0.099794118869113616
0.11317421689375892,0.11745408365023052,0.10907715485690431,0.1151464973166039,0.11950094905937232,0.11097803602055177,0.10483324341507358,0.10879768271741444,0.10103813607009027
0.096939470138379683,0.10804891182164283,0.10776685547118318,0.10711053928347272,0.11938560420938975,0.1190739539830894,0.10590313775670665,0.11803983224557939,0.11773169509055635
0.10451269107595276,0.11210588871948951,0.1076051058190497,0.11146207531213229,0.11956016903539818,0.11476011463580564,0.10637272305542311,0.11410105826261854,0.10952017408413021
0.10845144475659713,0.11070434602557085,0.10112046477958109,0.11707444956149145,0.11950647964254246,0.10916058130937434,0.11309254171420025,0.11544185417666877,0.10544783803397363
0.10909055565625728,0.11357308388917138,0.10580562104357819,0.11484281679616183,0.11956170529699833,0.11138467010654382,0.10818463292999478,0.11262993682050013,0.10492697746079434
0.10062969244444538,0.11001314009996933,0.10762372860391371,0.1093060791595783,0.1194985764961939,0.11690314769393607,0.10624476612311393,0.11615180426834132,0.11362906511050819
0.10782372708075937,0.11424805339012228,0.10832490978196477,0.11284392794857959,0.11956736660906046,0.11336844538231229,0.10567861374909182,0.11197513045303392,0.10616982560507546
0.099883641610417226,0.11035180705554269,0.10909619115973347,0.10813976216701451,0.11947319878695814,0.11811379696543134,0.10476627677203883,0.11574615997050172,0.11442916551236214
0.10736293979423057,0.11359460280901452,0.10754892096608111,0.11301126974155305,0.11957077855578591,0.11320703532341149,0.10644718273668009,0.11262569249954114,0.10663157757370206
0.10355121748541696,0.1107796298979675,0.10604975461035018,0.11174868458715226,0.11954932274835708,0.11444501442163992,0.10791322893790942,0.11544613238873598,0.11051701492247068
0.099394193057675842,0.10895733454526163,0.10688013316302353,0.10898217331937868,0.11946781549842476,0.11719023856868437,0.10692886919529987,0.11721695418059502,0.1149822884716562
0.1076781831055882,0.10846167885580332,0.097761978824411871,0.1185531047602832,0.11941572939858533,0.10763541678427151,0.11680009683717139,0.11764996611298283,0.10604384532090243
0.11507437379629609,0.11878361439908808,0.10971841102410761,0.11572171768017463,0.11945182439015309,0.11033562526549082,0.10413487018944247,0.10749149317969142,0.099288070075555734
0.1118897675307315,0.11266861972047024,0.10152210963267433,0.11865281294938522,0.11947874194382081,0.10765849416180243,0.11259283730777309,0.11337658348779772,0.10216003326554479
0.10230150818949001,0.11289358554632301,0.11148117935175011,0.10828743965038953,0.1194992874310281,0.11800423761931515,0.10256972518706797,0.11318957315292758,0.11177346387170844
0.10208915032298657,0.10894164347493669,0.10402873409558634,0.11199681644447207,0.11951433828981903,0.11412463518986544,0.10994533933382133,0.11732516062227617,0.11203418222623632
0.11534298358396085,0.11776494089435281,0.10759346978473475,0.11700086197695,0.11945763120713872,0.10913996080863823,0.10620182970247517,0.10843184222541012,0.099066479816339245
0.10392034080289342,0.10986535159824985,0.10393599908516424,0.11307054855756823,0.11953901879754363,0.11308758555486974,0.1100888901684471,0.11638678753332951,0.1101054779019343
0.11382403960613562,0.11880123032022639,0.11095654868375923,0.1144624833689728,0.11946759135237559,0.11157890857098703,0.10300003947043589,0.10750392847118791,0.10040523015591948
0.11231624087584693,0.1150798336144582,0.10551177972790822,0.11665086276129051,0.11952111086402205,0.10958379697148962,0.10841226261303895,0.11107979617183202,0.10184431640011339
0.11387037175122852,0.11644183673565875,0.10654974476246019,0.11685505727641263,0.11949392358920871,0.10934254745567829,0.10730731896554316,0.10973057454159253,0.10040862492221708
0.098658455789613575,0.10690922934573169,0.10366714588280128,0.11021160047034007,0.11942855963983348,0.11580682033276436,0.11017051062827019,0.11938403346805762,0.11576364444258781
0.1087145399971523,0.11421241983563127,0.10737028136463959,0.11381069661118877,0.11956629778761181,0.11240342384532061,0.10661629543422341,0.11200806346393211,0.10529798166030012
0.098340912261778907,0.10754603712287256,0.10524455810265615,0.10920922839394463,0.11943167356176994,0.11687584260411499,0.1085249269450422,0.11868331860619463,0.11614350240162598
0.11082938553547593,0.11447108397255848,0.10579903898612776,0.11574151730200673,0.1195446215114888,0.11048821792329543,0.10816044738265833,0.11171444824880492,0.10325123913758372
0.11112005154936902,0.11537744934628122,0.10719992731500802,0.11513202430802687,0.11954313481246419,0.11107036457742091,0.10674435191015813,0.110834101350683,0.1029785948305886
0.10607059816360792,0.11817801414146478,0.11782119283503524,0.10715224564970399,0.11938312615290808,0.11902266618622995,0.096861813089283141,0.1079180933756682,0.10759225040609864
0.10835396915021664,0.10924411100037794,0.098559003207702028,0.11846628350206537,0.11943949932060241,0.10775718607499905,0.11590168797057135,0.11685383530560728,0.10542442446785795
0.1092037551926635,0.11230821530548805,0.10335477280800931,0.11623570091464509,0.11954006619529951,0.11001008563320863,0.11070992650200243,0.11385720427017845,0.10478027317850505
0.10804535983269331,0.10977521019929239,0.099803895340039292,0.11759409198175937,0.11947682145241433,0.10862427101846885,0.11452754289781764,0.11636117566440991,0.10579163161310488
0.10297852943088889,0.11485417180102377,0.114628318293823,0.10709814633973157,0.11944886926677235,0.11921398057590439,0.099669500120286844,0.11116354014183336,0.11094494402973583
0.10839707364339264,0.11737966221169206,0.11373999648141905,0.11034896913879387,0.11949330630024432,0.11578810146540972,0.10052268043336772,0.10885273815324811,0.10547747217243245
0.10652737006313182,0.11693562436683616,0.11486230572194729,0.10883669738230199,0.11947058445995137,0.11735231988815988,0.099502630419900984,0.10922453269425615,0.10728793500351429
0.10757713185519424,0.10997502565935473,0.10060353478587213,0.11689253829512011,0.11949807246857026,0.10931507784025568,0.11365765071375386,0.11619107925699483,0.10628988912488416
0.11061282926131963,0.11238082852816224,0.10217014645243043,0.11762839717273602,0.11950853098135554,0.10865024108289149,0.11193448752402974,0.11372361174405445,0.1033909272530204
0.11268692400316939,0.11807760049632814,0.11071502732363996,0.11403871479386421,0.11949405776810343,0.11204316326888426,0.10327047195554613,0.10821068760641009,0.10146335278405423
0.11035730448414072,0.11744948141855586,0.11185262494566504,0.11229610575106268,0.11951288088665675,0.1138176966005673,0.10225236584355485,0.10882367413995542,0.10363786592984149
0.10780969257761591,0.11734078477982758,0.11428394588442473,0.10977829536407367,0.11948342511540228,0.11637076840414851,0.10002768446992899,0.10887079551739129,0.10603460788718699
0.10851490163518057,0.11936916888253125,0.11750058169647375,0.10853370089408064,0.11938984854842685,0.11752093764596028,0.09713704798970435,0.10685323869357316,0.1051805740140692
0.11313340239106894,0.11900767226163722,0.11202220851908504,0.11356915729154012,0.11946605303412049,0.11245368344419214,0.1020175796316062,0.10731467829241298,0.10101556513433677
0.10501789179550178,0.11322360228649146,0.10923346198385916,0.11089166534930708,0.11955633082832887,0.11534301731030568,0.10478028447588462,0.11296742920782141,0.10898631676249985
0.10253101269177066,0.11126627245294192,0.10804803885128594,0.11015012605311171,0.11953450584746944,0.11607712424570536,0.10589118481339134,0.11491271870327759,0.11158901634104613
0.1081927341929553,0.11573067791932135,0.11077556035683597,0.11175877251793,0.11954516727402768,0.11442672877077502,0.10330235150924943,0.11049957522567075,0.10576843223323448
0.10101667271480511,0.11049168530908297,0.1081461824803141,0.10925763191157145,0.11950561781886607,0.11696876842731387,0.10574395857572907,0.11566237414364737,0.11320710861866991
0.10210764583057672,0.11149420277250413,0.10894100245024486,0.10946038357696516,0.11952286337436659,0.11678580794281693,0.10500276265039575,0.11465546204092933,0.11202986936120056
0.10495632695628562,0.11114917186648836,0.10532922685263203,0.11289813690769045,0.11955958050804968,0.11329925330316146,0.10867007929404449,0.11508205051067963,0.10905617380096815
0.10284019262788162,0.11223482163378101,0.10960677954598039,0.10952443386050824,0.11952967983397481,0.11673082449859581,0.10437685575440278,0.11391186158780332,0.11124455065707199
0.10392113829555472,0.11604142115759834,0.11594906219287957,0.10695243966527428,0.11942626205395983,0.11933120904777028,0.098496898077840969,0.10998455386488674,0.10989701564423515
0.10804356482216246,0.10967380662165503,0.099621250176339868,0.11769604879828807,0.11947193446720229,0.10852129454817712,0.11472813112032874,0.1164592346361918,0.1057847348096547
0.11301591423530066,0.1185332346630006,0.11124633884438036,0.11391912428015638,0.1194805384911496,0.11213540664848154,0.10275399846549561,0.10777034274406486,0.10114510162797032
0.10868398170072474,0.11580715769519849,0.1104206558260426,0.1121937599477579,0.11954696770739127,0.11398651723245075,0.10363749863648086,0.11042992683852718,0.10529353441542624
0.10150831207301542,0.10782801990460437,0.10249595153949154,0.11248107944528538,0.11948393018882482,0.11357548000247415,0.11153274790907926,0.11847655739664754,0.11261792154057761
0.10926278698967852,0.11731771036770361,0.11271973019000218,0.11130302588033394,0.11950835698993782,0.11482451978592882,0.10145810022748065,0.10893765704575537,0.10466811252317906
0.099379228583826945,0.1090688780060305,0.10711520601515205,0.10885387881601884,0.11946732328529802,0.1173273914587801,0.10669332610549617,0.11709611288884357,0.11499865484055388
0.11009548596263702,0.11475928256753305,0.10704125537881796,0.11469672479354945,0.11955543622034116,0.11151484824642907,0.10692458616701866,0.11145405908396359,0.10395832157971004
0.10877430759297224,0.11437240183424094,0.1076121263791736,0.11371325576993488,0.11956553409161011,0.11249830517599299,0.10637532952937662,0.11184995982424173,0.10523877980245681
0.10076211134079451,0.11197137630751824,0.1113427212508005,0.10751072228328386,0.11947073539536798,0.11879997573863377,0.10264820461900448,0.11406728773092278,0.11342686533367384
0.10342527212249619,0.11301529450721122,0.11050777315578372,0.10938591103499164,0.11952862870805295,0.1168765930707599,0.10352402805769344,0.11312320750440821,0.11061329183860275
0.10405294559608269,0.11487225640219545,0.11348043249544949,0.10823376856531686,0.11948779674411282,0.11804004967896785,0.10074331541244073,0.11121849451324729,0.10987094059218691
0.10446382497574379,0.11109574346754023,0.10572409426989851,0.11242060025566596,0.11955765710637505,0.11377686143570179,0.10826072560995474,0.11513369152207475,0.10956680135704533
0.097451791344020683,0.10760896050312145,0.10632909150747477,0.10813484078698114,0.11940547886061557,0.11798530558146181,0.10737088213525717,0.11856189460992518,0.11715175467114219
0.10266314692787316,0.1082692050003439,0.10217399644007893,0.11331108197420012,0.119498584742337,0.1127711981631271,0.11191163947103969,0.11802272381468278,0.11137842346631727
0.10722417726462961,0.11066664676295722,0.10220822278248955,0.11581280359085598,0.11953101392408501,0.11039507257085412,0.11193489217307949,0.11552860081169569,0.10669857011935335
0.10049958874874688,0.11004169365864583,0.10781900136528562,0.10913317835454674,0.11949501415880301,0.11708137767034942,0.10604602158790982,0.11611474202615003,0.11376938242956267
0.10794075044334951,0.11085652240507386,0.10187840229989674,0.11637991799464507,0.11952365472431195,0.10984359527229834,0.11228344222123877,0.1153165220474385,0.10597719259174722
0.1055634638356584,0.11160351644256941,0.10558134320561918,0.11309364730045261,0.11956455640462535,0.11311280206372798,0.10841961135828694,0.11462308491277722,0.10843797447628294
0.11110938562386768,0.1132228132379961,0.10324337533928485,0.11728779600230682,0.11951874404940221,0.10898438396893119,0.11078984687809572,0.11289719649975474,0.10294645840036072
0.10046641822385816,0.11175726854837793,0.11124376926704568,0.10739562273307955,0.11946520701034442,0.11891629150139509,0.10273000268796469,0.11427524441841864,0.11375017560951585
0.10032017906049581,0.10744652894694477,0.10297730915196537,0.11154176901442246,0.11946525639646657,0.1144961197111576,0.11097670213482461,0.11886004939420379,0.11391608618951893
0.10019113370266512,0.1085625259236664,0.10526297635405484,0.1102706172338362,0.11948419285875986,0.11585270018881491,0.1086013884728487,0.11767549298742171,0.11409897227793228
0.11399657877676865,0.11735770420011683,0.10811263441292182,0.11606676341391074,0.11948892707445508,0.11007596627116006,0.1057472270786295,0.10886512497693895,0.1002890737950984
0.1129928142284919,0.11615289433023671,0.1068450248532541,0.1162608576134746,0.11951233537570816,0.10993525832583489,0.10704374053322298,0.11003744236094572,0.10121963237883097
0.10559594333687003,0.11252042895905867,0.10729033011988889,0.11220980082986844,0.11956799213875538,0.11401031321171977,0.10669876834921871,0.11369557205201236,0.10841085100260775
0.10406198459085514,0.11173502570402824,0.10735730970649425,0.11134615350703175,0.11955629496274468,0.11487214599722087,0.10661133727354404,0.11447235565837074,0.10998739259971022
0.10829055627646644,0.11555762862888565,0.11034476015868316,0.11203171050354617,0.1195498411142713,0.11415688173325367,0.10371376652319406,0.11067370348521111,0.10568115157648855
0.10887843693871051,0.10995054086017785,0.099356874238281573,0.11829551093657721,0.1194603428788146,0.10795041271298733,0.11501108719657811,0.11614357808331893,0.10495321615455389
0.1091502661616628,0.11338641019547101,0.10540040267374051,0.11509255731912002,0.11955932288156958,0.11113854608672087,0.10859622748663347,0.11281086916675753,0.10486539802832419
0.10088150203985413,0.10961536923060843,0.1065801727535397,0.10998302524384444,0.11950486142088342,0.1161958296954676,0.1072963233397782,0.11658555693718871,0.11335735933883552
0.10717274918829191,0.10984928121432881,0.10075233621977016,0.11659035948049203,0.11950208688732041,0.1096057644068132,0.11349741466236488,0.11633189887142906,0.10669810906918949
0.098118264877472175,0.10960288359806396,0.10955675462633345,0.1069040939656372,0.11941708286121999,0.11936682335108113,0.10422787232085851,0.11642761286007809,0.11637861153925545
0.10288584051128766,0.10951541302189864,0.10431336095090835,0.11229397022060844,0.11952976685095468,0.11385202657646325,0.10967365609937499,0.11674060964712631,0.11119535612137763
0.10707302031049373,0.11530899849842717,0.11111978807446724,0.1110048025011468,0.1195432104913593,0.11520016987852395,0.10297896938718783,0.11090003618094506,0.10687100467744894
0.10606221637703855,0.1087943440781942,0.099861249448897432,0.11647876915595001,0.1194792238199955,0.10966879459536752,0.11446636848154076,0.11741498436815741,0.10777404967485858
0.10208011439341244,0.11295213403856069,0.11183887522714327,0.10798872275164718,0.11949003740227167,0.11831234086606222,0.10222584722684157,0.11311338811466669,0.11199853997939425
0.11213857868272854,0.11902916572538129,0.11305682621726504,0.11254975651933639,0.11946560923510928,0.11347137098645897,0.10108323444213331,0.10729450297842401,0.10191095521316318
0.11157430470395638,0.1141823149082829,0.1045631253229074,0.11679650827441657,0.11952658565394947,0.10945717263826928,0.10940586072868116,0.11196318431631729,0.1025309434532196
